NAME	= KW_NDVI_Aug
DESCRIPTION	= 
UNIT	= 
DATAFORMAT	= FLOAT
DATAFILE_OFFSET	= 0
BYTEORDER_BIG	= FALSE
TOPTOBOTTOM	= FALSE
POSITION_XMIN	= 510600.0000000000000000
POSITION_YMIN	= 4790610.0000000000000000
CELLCOUNT_X	= 1837
CELLCOUNT_Y	= 1563
CELLSIZE	= 30.0000000000000000
Z_FACTOR	= 1.000000
Z_OFFSET	= 0.000000
NODATA_VALUE	= -340282346638528859811704183484516925440.000000;-340282346638528859811704183484516925440.000000
